3
2
4
3
1
2
11
10
12
13
13
10
11
12
10
10
3
1
4
2
1
1
1
3
3
2
2
1
3
4
3
1
2
4
1
4
4
1
2
1
1
1
4
3
1
4
3
2
1
3
3
4
2
2
4
2
4
2
4
2
1
2
4
2
4
2
4
2
4 1
3 1
1 1
2 1
3 2
2 2
4 1
2 1
1 1
3 1
4 2
1 2
2 1
3 1
4 1
4 1
2 1
4 1
2 1
3 1
2 1
2 1
4 1
1 1
4 1
1 1
1 1
1 1
1 1
3 1
3 1
3 1
2 2
4 2
2 2
4 2
2 2
-7 1 4
4 1 13
-7 1 1
1 1 10
-7 1 3
3 1 12
-7 1 2
2 1 11
-7 2 4
-7 2 4
-7 2 4
4 2 13
-7 1 3
-7 1 3
-7 1 3
-7 1 3
-7 1 3
-7 1 3
-7 1 3
-7 1 3
-7 1 3
3 1 12
-7 1 3
-7 1 3
-7 1 3
-7 1 3
-7 1 3
-7 1 3
-7 1 3
3 1 12
-7 1 4
-7 1 4
4 1 13
-7 1 3
-7 1 4
-7 1 4
-7 1 4
-7 1 4
4 1 13
-7 1 4
4 1 13
-7 1 4
-7 1 4
4 1 13
-7 1 4
4 1 13
-7 1 3
-7 1 3
3 1 12
-7 1 2
2 1 11
-7 1 2
-7 1 2
2 1 11
-7 1 1
1 1 10
-7 1 2
2 1 11
-7 1 2
-7 1 2
2 1 11
-7 1 2
-7 1 2
2 1 11
-7 1 1
1 1 10
-7 1 3
-7 1 3
-7 1 3
-7 1 3
3 1 12
-7 1 1
-7 1 1
1 1 10
-7 1 3
-7 1 3
3 1 12
-7 1 1
1 1 10
-7 1 1
-7 1 1
-7 1 1
1 1 10
-7 2 1
-7 2 1
-7 2 1
-7 2 1
-7 2 1
-7 2 1
-7 2 3
-7 2 3
-7 2 3
-7 2 2
-7 2 2
-7 2 2
-7 2 2
2 2 11
-7 2 3
-7 2 3
-7 2 3
-7 2 2
-7 2 2
-7 2 2
-7 2 2
-7 2 2
-7 2 2
2 1 11
2 1 11
1 1 10
4 1 13
3 1 12
2 2 11
1 2 10
2 2 11
1 2 10
1 2 10
2 2 11
3 1 12
4 1 13
2 1 11
1 1 10
4 2 13
4 2 13
3 1 12
4 1 13
3 1 12
1 1 10
2 1 11
4 1 13
4 1 13
2 1 11
1 1 10
1 1 10
3 1 12
4 1 13
3 1 12
2 1 11
4 1 13
3 1 12
4 1 13
4 1 13
1 1 10
3 1 12
1 1 10
2 1 11
2 1 11
1 1 10
2 1 11
1 1 10
1 1 10
1 1 10
1 1 10
4 1 13
2 1 11
3 1 12
4 1 13
3 1 12
4 1 13
3 1 12
4 1 13
4 1 13
3 1 12
1 1 10
2 1 11
2 1 11
4 1 13
4 1 13
3 1 12
1 1 10
4 1 13
2 1 11
4 1 13
3 1 12
2 1 11
1 1 10
2 1 11
3 1 12
2 1 11
2 1 11
3 1 12
4 1 13
1 1 10
4 1 13
4 1 13
2 1 11
3 1 12
4 1 13
3 1 12
3 1 12
3 1 12
3 1 12
3 1 12
1 1 10
2 1 11
3 1 12
1 1 10
4 1 13
4 2 13
1 1 10
3 1 12
2 1 11
4 1 13
1 2 10
1 2 10
1 2 10
4 1 13
1 1 10
3 1 12
2 1 11
4 2 13
4 2 13
2 2 11
4 2 13
1 2 10
2 2 11
4 1 13
1 1 10
4 1 13
1 1 10
3 1 12
4 1 13
4 1 13
2 1 11
4 1 13
1 1 10
1 1 10
3 1 12
3 1 12
1 1 10
1 1 10
1 1 10
4 1 13
2 1 11
1 1 10
1 1 10
1 1 10
1 1 10
1 1 10
1 1 10
4 1 13
4 1 13
2 1 11
1 1 10
4 1 13
2 1 11
4 1 13
4 1 13
3 1 12
1 1 10
1 1 10
1 1 10
4 1 13
2 1 11
4 1 13
1 1 10
3 1 12
2 1 11
3 1 12
3 1 12
3 1 12
2 1 11
3 1 12
3 1 12
1 1 10
4 1 13
4 1 13
2 1 11
4 1 13
4 1 13
3 1 12
4 1 13
4 1 13
3 1 12
4 1 13
1 1 10
2 1 11
3 1 12
4 1 13
2 1 11
1 1 10
2 1 11
2 1 11
3 1 12
4 1 13
4 1 13
4 1 13
3 1 12
4 1 13
2 1 11
4 1 13
2 1 11
2 1 11
2 1 11
1 1 10
4 1 13
4 1 13
2 1 11
1 1 10
2 1 11
2 1 11
4 1 13
3 1 12
1 1 10
1 1 10
2 1 11
4 1 13
4 1 13
1 1 10
2 1 11
4 1 13
1 1 10
4 1 13
4 1 13
1 1 10
2 1 11
2 1 11
1 1 10
1 1 10
2 1 11
4 1 13
4 1 13
2 1 11
4 1 13
3 1 12
4 1 13
2 1 11
3 1 12
4 1 13
3 1 12
4 1 13
2 1 11
1 1 10
1 1 10
3 1 12
1 1 10
4 1 13
1 1 10
3 1 12
2 1 11
4 1 13
1 1 10
1 1 10
3 1 12
4 1 13
1 1 10
1 1 10
4 1 13
1 1 10
2 1 11
3 1 12
4 1 13
4 1 13
2 1 11
4 1 13
2 1 11
1 1 10
3 1 12
2 1 11
1 1 10
1 1 10
4 1 13
4 1 13
4 1 13
1 1 10
3 1 12
2 1 11
2 1 11
2 1 11
2 1 11
2 1 11
4 1 13
2 1 11
3 1 12
1 1 10
4 1 13
4 1 13
3 1 12
2 1 11
2 1 11
3 1 12
2 1 11
4 1 13
1 1 10
1 1 10
1 1 10
1 1 10
2 1 11
1 1 10
2 1 11
2 1 11
1 1 10
1 1 10
4 1 13
2 1 11
1 1 10
3 1 12
4 1 13
3 1 12
1 1 10
4 1 13
1 1 10
3 1 12
3 1 12
1 1 10
3 1 12
1 1 10
2 1 11
1 1 10
1 1 10
3 1 12
4 1 13
1 1 10
1 1 10
3 1 12
2 1 11
4 1 13
3 1 12
2 1 11
3 1 12
4 1 13
2 1 11
2 1 11
3 1 12
4 1 13
2 1 11
1 1 10
3 1 12
4 1 13
1 1 10
1 1 10
4 1 13
1 1 10
3 1 12
2 1 11
3 1 12
1 1 10
1 1 10
4 1 13
4 1 13
2 1 11
1 1 10
4 1 13
1 1 10
2 1 11
1 1 10
2 1 11
4 1 13
3 1 12
4 1 13
4 1 13
2 1 11
2 1 11
1 1 10
1 1 10
4 1 13
3 1 12
3 1 12
1 1 10
3 1 12
2 1 11
3 1 12
1 1 10
3 1 12
4 1 13
4 1 13
3 1 12
4 1 13
4 1 13
4 1 13
1 1 10
4 1 13
3 1 12
2 1 11
1 1 10
1 1 10
3 1 12
1 1 10
1 1 10
1 1 10
4 1 13
2 1 11
1 1 10
3 1 12
4 1 13
2 1 11
3 1 12
4 1 13
4 1 13
3 1 12
3 1 12
1 1 10
3 1 12
2 1 11
2 1 11
2 1 11
4 1 13
1 1 10
3 1 12
4 1 13
1 1 10
2 1 11
2 1 11
2 1 11
3 1 12
1 1 10
2 1 11
2 1 11
4 1 13
1 1 10
3 1 12
2 1 11
3 1 12
2 1 11
3 1 12
2 1 11
1 1 10
3 1 12
4 1 13
2 1 11
2 1 11
2 1 11
2 1 11
4 1 13
2 1 11
4 1 13
1 1 10
3 1 12
3 1 12
2 1 11
1 1 10
1 1 10
4 1 13
2 1 11
2 1 11
2 1 11
2 1 11
2 1 11
2 1 11
1 1 10
1 1 10
2 1 11
2 1 11
3 1 12
3 1 12
1 1 10
2 1 11
1 1 10
2 1 11
4 1 13
1 1 10
3 1 12
3 1 12
4 1 13
4 1 13
3 1 12
4 1 13
1 1 10
2 1 11
2 1 11
1 1 10
4 1 13
1 1 10
3 1 12
4 1 13
1 1 10
2 1 11
2 1 11
4 1 13
4 1 13
3 1 12
3 1 12
4 1 13
1 1 10
1 1 10
3 1 12
2 1 11
2 1 11
4 1 13
2 1 11
2 1 11
1 1 10
2 1 11
2 1 11
3 1 12
4 1 13
1 1 10
1 1 10
3 1 12
3 1 12
1 1 10
3 1 12
1 1 10
4 1 13
3 1 12
1 1 10
4 1 13
4 1 13
1 1 10
4 1 13
4 1 13
3 1 12
1 1 10
3 1 12
1 1 10
3 1 12
4 1 13
4 1 13
3 1 12
1 1 10
3 1 12
2 1 11
4 1 13
1 1 10
1 1 10
4 1 13
2 1 11
2 1 11
2 1 11
1 1 10
2 1 11
1 1 10
3 1 12
4 1 13
2 1 11
1 1 10
1 1 10
3 1 12
4 1 13
4 1 13
4 1 13
1 1 10
4 1 13
1 1 10
2 1 11
2 1 11
4 1 13
3 1 12
4 1 13
4 1 13
4 1 13
3 1 12
4 1 13
1 1 10
3 1 12
3 1 12
1 1 10
4 1 13
2 1 11
1 1 10
1 1 10
3 1 12
4 1 13
1 1 10
2 1 11
1 1 10
1 1 10
3 1 12
2 1 11
4 1 13
2 1 11
1 1 10
